Timestamp:     7338.130000    ID: 00000024    X                DLC:  8    02 00 02 00 02 00 00 00
Timestamp:     7338.140000    ID: 00000024    X                DLC:  8    02 00 02 00 02 00 00 00
Timestamp:     7338.150000    ID: 00000024    X                DLC:  8    02 00 02 00 02 00 00 00
Timestamp:     7338.160000    ID: 00000024    X                DLC:  8    02 00 02 00 02 00 00 00
Timestamp:     7338.170000    ID: 00000024    X                DLC:  8    02 00 02 00 02 00 00 00
Timestamp:     7338.180000    ID: 00000024    X                DLC:  8    02 00 02 00 02 00 00 00
Timestamp:     7338.190000    ID: 00000024    X                DLC:  8    02 00 02 00 02 00 00 00
Timestamp:     7338.200000    ID: 00000024    X                DLC:  8    02 00 02 00 02 00 00 00
Timestamp:     7338.210000    ID: 00000024    X                DLC:  8    02 00 02 00 02 00 00 00
Timestamp:     7338.220000    ID: 00000024    X                DLC:  8    02 00 02 00 02 00 00 00
Timestamp:     7338.230000    ID: 00000024    X                DLC:  8    02 00 02 00 02 00 00 00
Timestamp:     7338.240000    ID: 00000024    X                DLC:  8    02 00 02 00 02 00 00 00
Timestamp:     7338.250000    ID: 00000024    X                DLC:  8    02 00 02 00 02 00 00 00
Timestamp:     7338.260000    ID: 00000024    X                DLC:  8    02 00 02 00 02 00 00 00
Timestamp:     7338.270000    ID: 00000024    X                DLC:  8    02 00 02 00 02 00 00 00
Timestamp:     7338.280000    ID: 00000024    X                DLC:  8    02 00 02 00 02 00 00 00
Timestamp:     7338.290000    ID: 00000024    X                DLC:  8    02 00 02 00 02 00 00 00
Timestamp:     7338.300000    ID: 00000024    X                DLC:  8    02 00 02 00 02 00 00 00
Timestamp:     7338.310000    ID: 00000024    X                DLC:  8    02 00 02 00 02 00 00 00
Timestamp:     7338.320000    ID: 00000024    X                DLC:  8    02 00 02 00 02 00 00 00
Timestamp:     7338.330000    ID: 00000024    X                DLC:  8    02 00 02 00 02 00 00 00
Timestamp:     7338.340000    ID: 00000024    X                DLC:  8    02 00 02 00 02 00 00 00
Timestamp:     7338.350000    ID: 00000024    X                DLC:  8    02 00 02 00 02 00 00 00
Timestamp:     7338.360000    ID: 00000024    X                DLC:  8    02 00 02 00 02 00 00 00
Timestamp:     7338.370000    ID: 00000024    X                DLC:  8    02 00 02 00 02 00 00 00
Timestamp:     7338.380000    ID: 00000024    X                DLC:  8    02 00 02 00 02 00 00 00
Timestamp:     7338.390000    ID: 00000024    X                DLC:  8    02 00 02 00 02 00 00 00
Timestamp:     7338.400000    ID: 00000024    X                DLC:  8    02 00 02 00 02 00 00 00
Timestamp:     7338.410000    ID: 00000024    X                DLC:  8    02 00 02 00 02 00 00 00
Timestamp:     7338.420000    ID: 00000024    X                DLC:  8    02 00 02 00 02 00 00 00
Timestamp:     7338.430000    ID: 00000024    X                DLC:  8    02 00 02 00 02 00 00 00
Timestamp:     7338.440000    ID: 00000024    X                DLC:  8    02 00 02 00 02 00 00 00
Timestamp:     7338.450000    ID: 00000024    X                DLC:  8    02 00 02 00 02 00 00 00
Timestamp:     7338.460000    ID: 00000024    X                DLC:  8    02 00 02 00 02 00 00 00
Timestamp:     7338.470000    ID: 00000024    X                DLC:  8    02 00 02 00 02 00 00 00
Timestamp:     7338.480000    ID: 00000024    X                DLC:  8    02 00 02 00 02 00 00 00
Timestamp:     7338.490000    ID: 00000024    X                DLC:  8    02 00 02 00 02 00 00 00
Timestamp:     7338.500000    ID: 00000024    X                DLC:  8    02 00 02 00 02 00 00 00
Timestamp:     7338.510000    ID: 00000024    X                DLC:  8    02 00 02 00 02 00 00 00
Timestamp:     7338.520000    ID: 00000024    X                DLC:  8    02 00 02 00 02 00 00 00
Timestamp:     7338.530000    ID: 00000024    X                DLC:  8    02 00 02 00 02 00 00 00
Timestamp:     7338.540000    ID: 00000024    X                DLC:  8    02 00 02 00 02 00 00 00
Timestamp:     7338.550000    ID: 00000024    X                DLC:  8    02 00 02 00 02 00 00 00
Timestamp:     7338.560000    ID: 00000024    X                DLC:  8    02 00 02 00 02 00 00 00
Timestamp:     7338.570000    ID: 00000024    X                DLC:  8    02 00 02 00 02 00 00 00
Timestamp:     7338.580000    ID: 00000024    X                DLC:  8    02 00 02 00 02 00 00 00
Timestamp:     7338.590000    ID: 00000024    X                DLC:  8    02 00 02 00 02 00 00 00
Timestamp:     7338.600000    ID: 00000024    X                DLC:  8    02 00 02 00 02 00 00 00
Timestamp:     7338.610000    ID: 00000024    X                DLC:  8    02 00 02 00 02 00 00 00
Timestamp:     7338.620000    ID: 00000024    X                DLC:  8    02 00 02 00 02 00 00 00
Timestamp:     7338.630000    ID: 00000024    X                DLC:  8    02 00 02 00 02 00 00 00
Timestamp:     7338.640000    ID: 00000024    X                DLC:  8    02 00 02 00 02 00 00 00
Timestamp:     7338.650000    ID: 00000024    X                DLC:  8    02 00 02 00 02 00 00 00
Timestamp:     7338.660000    ID: 00000024    X                DLC:  8    02 00 02 00 02 00 00 00
Timestamp:     7338.670000    ID: 00000024    X                DLC:  8    02 00 02 00 02 00 00 00
Timestamp:     7338.680000    ID: 00000024    X                DLC:  8    02 00 02 00 02 00 00 00
Timestamp:     7338.690000    ID: 00000024    X                DLC:  8    02 00 02 00 02 00 00 00
Timestamp:     7338.700000    ID: 00000024    X                DLC:  8    02 00 02 00 02 00 00 00
Timestamp:     7338.710000    ID: 00000024    X                DLC:  8    02 00 02 00 02 00 00 00
Timestamp:     7338.720000    ID: 00000024    X                DLC:  8    02 00 02 00 02 00 00 00
Timestamp:     7338.730000    ID: 00000024    X                DLC:  8    02 00 02 00 02 00 00 00
Timestamp:     7338.740000    ID: 00000024    X                DLC:  8    02 00 02 00 02 00 00 00
Timestamp:     7338.750000    ID: 00000024    X                DLC:  8    02 00 02 00 02 00 00 00
Timestamp:     7338.760000    ID: 00000024    X                DLC:  8    02 00 02 00 02 00 00 00
Timestamp:     7338.770000    ID: 00000024    X                DLC:  8    02 00 02 00 02 00 00 00
Timestamp:     7338.780000    ID: 00000024    X                DLC:  8    02 00 02 00 02 00 00 00
Timestamp:     7338.790000    ID: 00000024    X                DLC:  8    02 00 02 00 02 00 00 00
Timestamp:     7338.800000    ID: 00000024    X                DLC:  8    02 00 02 00 02 00 00 00
Timestamp:     7338.810000    ID: 00000024    X                DLC:  8    02 00 02 00 02 00 00 00
Timestamp:     7338.820000    ID: 00000024    X                DLC:  8    02 00 02 00 02 00 00 00
Timestamp:     7338.830000    ID: 00000024    X                DLC:  8    02 00 02 00 02 00 00 00
Timestamp:     7338.840000    ID: 00000024    X                DLC:  8    02 00 02 00 02 00 00 00
Timestamp:     7338.850000    ID: 00000024    X                DLC:  8    02 00 02 00 02 00 00 00
Timestamp:     7338.860000    ID: 00000024    X                DLC:  8    02 00 02 00 02 00 00 00
Timestamp:     7338.870000    ID: 00000024    X                DLC:  8    02 00 02 00 02 00 00 00
Timestamp:     7338.880000    ID: 00000024    X                DLC:  8    02 00 02 00 02 00 00 00
Timestamp:     7338.890000    ID: 00000024    X                DLC:  8    02 00 02 00 02 00 00 00
Timestamp:     7338.900000    ID: 00000024    X                DLC:  8    02 00 02 00 02 00 00 00
Timestamp:     7338.910000    ID: 00000024    X                DLC:  8    02 00 02 00 02 00 00 00
Timestamp:     7338.920000    ID: 00000024    X                DLC:  8    02 00 02 00 02 00 00 00
Timestamp:     7338.930000    ID: 00000024    X                DLC:  8    02 00 02 00 02 00 00 00
Timestamp:     7338.940000    ID: 00000024    X                DLC:  8    02 00 02 00 02 00 00 00
Timestamp:     7338.950000    ID: 00000024    X                DLC:  8    02 00 02 00 02 00 00 00
Timestamp:     7338.960000    ID: 00000024    X                DLC:  8    02 00 02 00 02 00 00 00
Timestamp:     7338.970000    ID: 00000024    X                DLC:  8    02 00 02 00 02 00 00 00
Timestamp:     7338.980000    ID: 00000024    X                DLC:  8    02 00 02 00 02 00 00 00
Timestamp:     7338.990000    ID: 00000024    X                DLC:  8    02 00 02 00 02 00 00 00
Timestamp:     7339.000000    ID: 00000024    X                DLC:  8    02 00 02 00 02 00 00 00
Timestamp:     7339.010000    ID: 00000024    X                DLC:  8    02 00 02 00 02 00 00 00
Timestamp:     7339.020000    ID: 00000024    X                DLC:  8    02 00 02 00 02 00 00 00
Timestamp:     7339.030000    ID: 00000024    X                DLC:  8    02 00 02 00 02 00 00 00
Timestamp:     7339.040000    ID: 00000024    X                DLC:  8    02 00 02 00 02 00 00 00
Timestamp:     7339.050000    ID: 00000024    X                DLC:  8    02 00 02 00 02 00 00 00
Timestamp:     7339.060000    ID: 00000024    X                DLC:  8    02 00 02 00 02 00 00 00
Timestamp:     7339.070000    ID: 00000024    X                DLC:  8    02 00 02 00 02 00 00 00
Timestamp:     7339.080000    ID: 00000024    X                DLC:  8    02 00 02 00 02 00 00 00
Timestamp:     7339.090000    ID: 00000024    X                DLC:  8    02 00 02 00 02 00 00 00
Timestamp:     7339.100000    ID: 00000024    X                DLC:  8    02 00 02 00 02 00 00 00
Timestamp:     7339.110000    ID: 00000024    X                DLC:  8    02 00 02 00 02 00 00 00
Timestamp:     7339.120000    ID: 00000024    X                DLC:  8    02 00 02 00 02 00 00 00
Timestamp:     7339.130000    ID: 00000024    X                DLC:  8    02 00 02 00 02 00 00 00
Timestamp:     7339.140000    ID: 00000024    X                DLC:  8    02 00 02 00 02 00 00 00
Timestamp:     7339.150000    ID: 00000024    X                DLC:  8    02 00 02 00 02 00 00 00
Timestamp:     7339.160000    ID: 00000024    X                DLC:  8    02 00 02 00 02 00 00 00
Timestamp:     7339.170000    ID: 00000024    X                DLC:  8    02 00 02 00 02 00 00 00
Timestamp:     7339.180000    ID: 00000024    X                DLC:  8    02 00 02 00 02 00 00 00
Timestamp:     7339.190000    ID: 00000024    X                DLC:  8    02 00 02 00 02 00 00 00
Timestamp:     7339.200000    ID: 00000024    X                DLC:  8    02 00 02 00 02 00 00 00
Timestamp:     7339.210000    ID: 00000024    X                DLC:  8    02 00 02 00 02 00 00 00
Timestamp:     7339.220000    ID: 00000024    X                DLC:  8    02 00 02 00 02 00 00 00
Timestamp:     7339.230000    ID: 00000024    X                DLC:  8    02 00 02 00 02 00 00 00
Timestamp:     7339.240000    ID: 00000024    X                DLC:  8    02 00 02 00 02 00 00 00
Timestamp:     7339.250000    ID: 00000024    X                DLC:  8    02 00 02 00 02 00 00 00
Timestamp:     7339.260000    ID: 00000024    X                DLC:  8    02 00 02 00 02 00 00 00
Timestamp:     7339.270000    ID: 00000024    X                DLC:  8    02 00 02 00 02 00 00 00
Timestamp:     7339.280000    ID: 00000024    X                DLC:  8    02 00 02 00 02 00 00 00
Timestamp:     7339.290000    ID: 00000024    X                DLC:  8    02 00 02 00 02 00 00 00
Timestamp:     7339.300000    ID: 00000024    X                DLC:  8    02 00 02 00 02 00 00 00
Timestamp:     7339.310000    ID: 00000024    X                DLC:  8    02 00 02 00 02 00 00 00
Timestamp:     7339.320000    ID: 00000024    X                DLC:  8    02 00 02 00 02 00 00 00
Timestamp:     7339.330000    ID: 00000024    X                DLC:  8    02 00 02 00 02 00 00 00
Timestamp:     7339.340000    ID: 00000024    X                DLC:  8    02 00 02 00 02 00 00 00
Timestamp:     7339.350000    ID: 00000024    X                DLC:  8    02 00 02 00 02 00 00 00
Timestamp:     7339.360000    ID: 00000024    X                DLC:  8    02 00 02 00 02 00 00 00
Timestamp:     7339.370000    ID: 00000024    X                DLC:  8    02 00 02 00 02 00 00 00
Timestamp:     7339.380000    ID: 00000024    X                DLC:  8    02 00 02 00 02 00 00 00
Timestamp:     7339.390000    ID: 00000024    X                DLC:  8    02 00 02 00 02 00 00 00
Timestamp:     7339.400000    ID: 00000024    X                DLC:  8    02 00 02 00 02 00 00 00
Timestamp:     7339.410000    ID: 00000024    X                DLC:  8    02 00 02 00 02 00 00 00
Timestamp:     7339.420000    ID: 00000024    X                DLC:  8    02 00 02 00 02 00 00 00
Timestamp:     7339.430000    ID: 00000024    X                DLC:  8    02 00 02 00 02 00 00 00
Timestamp:     7339.440000    ID: 00000024    X                DLC:  8    02 00 02 00 02 00 00 00
Timestamp:     7339.450000    ID: 00000024    X                DLC:  8    02 00 02 00 02 00 00 00
Timestamp:     7339.460000    ID: 00000024    X                DLC:  8    02 00 02 00 02 00 00 00
Timestamp:     7339.470000    ID: 00000024    X                DLC:  8    02 00 02 00 02 00 00 00
Timestamp:     7339.480000    ID: 00000024    X                DLC:  8    02 00 02 00 02 00 00 00
Timestamp:     7339.500000    ID: 00000024    X                DLC:  8    02 00 02 00 02 00 00 00
Timestamp:     7339.500000    ID: 00000024    X                DLC:  8    02 00 02 00 02 00 00 00
Timestamp:     7339.510000    ID: 00000024    X                DLC:  8    02 00 02 00 02 00 00 00
Timestamp:     7339.520000    ID: 00000024    X                DLC:  8    02 00 02 00 02 00 00 00
Timestamp:     7339.530000    ID: 00000024    X                DLC:  8    02 00 02 00 02 00 00 00
Timestamp:     7339.540000    ID: 00000024    X                DLC:  8    02 00 02 00 02 00 00 00
Timestamp:     7339.550000    ID: 00000024    X                DLC:  8    02 00 02 00 02 00 00 00
Timestamp:     7339.560000    ID: 00000024    X                DLC:  8    02 00 02 00 02 00 00 00
Timestamp:     7339.570000    ID: 00000024    X                DLC:  8    02 00 02 00 02 00 00 00
Timestamp:     7339.580000    ID: 00000024    X                DLC:  8    02 00 02 00 02 00 00 00
Timestamp:     7339.590000    ID: 00000024    X                DLC:  8    02 00 02 00 02 00 00 00
Timestamp:     7339.600000    ID: 00000024    X                DLC:  8    02 00 02 00 02 00 00 00
Timestamp:     7339.610000    ID: 00000024    X                DLC:  8    02 00 02 00 02 00 00 00
Timestamp:     7339.620000    ID: 00000024    X                DLC:  8    02 00 02 00 02 00 00 00
Timestamp:     7339.630000    ID: 00000024    X                DLC:  8    02 00 02 00 02 00 00 00
Timestamp:     7339.640000    ID: 00000024    X                DLC:  8    02 00 02 00 02 00 00 00
Timestamp:     7339.650000    ID: 00000024    X                DLC:  8    02 00 02 00 02 00 00 00
Timestamp:     7339.660000    ID: 00000024    X                DLC:  8    02 00 02 00 02 00 00 00
Timestamp:     7339.670000    ID: 00000024    X                DLC:  8    02 00 02 00 02 00 00 00
Timestamp:     7339.680000    ID: 00000024    X                DLC:  8    02 00 02 00 02 00 00 00
Timestamp:     7339.690000    ID: 00000024    X                DLC:  8    02 00 02 00 02 00 00 00
Timestamp:     7339.700000    ID: 00000024    X                DLC:  8    02 00 02 00 02 00 00 00
Timestamp:     7339.710000    ID: 00000024    X                DLC:  8    02 00 02 00 02 00 00 00
Timestamp:     7339.720000    ID: 00000024    X                DLC:  8    02 00 02 00 02 00 00 00
Timestamp:     7339.730000    ID: 00000024    X                DLC:  8    02 00 02 00 02 00 00 00
Timestamp:     7339.740000    ID: 00000024    X                DLC:  8    02 00 02 00 02 00 00 00
Timestamp:     7339.750000    ID: 00000024    X                DLC:  8    02 00 02 00 02 00 00 00
Timestamp:     7339.760000    ID: 00000024    X                DLC:  8    02 00 02 00 02 00 00 00
Timestamp:     7339.770000    ID: 00000024    X                DLC:  8    02 00 02 00 02 00 00 00
Timestamp:     7339.780000    ID: 00000024    X                DLC:  8    02 00 02 00 02 00 00 00
Timestamp:     7339.790000    ID: 00000024    X                DLC:  8    02 00 02 00 02 00 00 00
Timestamp:     7339.800000    ID: 00000024    X                DLC:  8    02 00 02 00 02 00 00 00
Timestamp:     7339.810000    ID: 00000024    X                DLC:  8    02 00 02 00 02 00 00 00
Timestamp:     7339.820000    ID: 00000024    X                DLC:  8    02 00 02 00 02 00 00 00
Timestamp:     7339.830000    ID: 00000024    X                DLC:  8    02 00 02 00 02 00 00 00
Timestamp:     7339.840000    ID: 00000024    X                DLC:  8    02 00 02 00 02 00 00 00
Timestamp:     7339.850000    ID: 00000024    X                DLC:  8    02 00 02 00 02 00 00 00
Timestamp:     7339.860000    ID: 00000024    X                DLC:  8    02 00 02 00 02 00 00 00
Timestamp:     7339.870000    ID: 00000024    X                DLC:  8    02 00 02 00 02 00 00 00
Timestamp:     7339.880000    ID: 00000024    X                DLC:  8    02 00 02 00 02 00 00 00
Timestamp:     7339.890000    ID: 00000024    X                DLC:  8    02 00 02 00 02 00 00 00
Timestamp:     7339.900000    ID: 00000024    X                DLC:  8    02 00 02 00 02 00 00 00
Timestamp:     7339.910000    ID: 00000024    X                DLC:  8    02 00 02 00 02 00 00 00
Timestamp:     7339.920000    ID: 00000024    X                DLC:  8    02 00 02 00 02 00 00 00
Timestamp:     7339.930000    ID: 00000024    X                DLC:  8    02 00 02 00 02 00 00 00
Timestamp:     7339.940000    ID: 00000024    X                DLC:  8    02 00 02 00 02 00 00 00
Timestamp:     7339.950000    ID: 00000024    X                DLC:  8    02 00 02 00 02 00 00 00
Timestamp:     7339.960000    ID: 00000024    X                DLC:  8    02 00 02 00 02 00 00 00
Timestamp:     7339.970000    ID: 00000024    X                DLC:  8    02 00 02 00 02 00 00 00
Timestamp:     7339.980000    ID: 00000024    X                DLC:  8    02 00 02 00 02 00 00 00
Timestamp:     7339.990000    ID: 00000024    X                DLC:  8    02 00 02 00 02 00 00 00
Timestamp:     7340.000000    ID: 00000024    X                DLC:  8    02 00 02 00 02 00 00 00
Timestamp:     7340.010000    ID: 00000024    X                DLC:  8    02 00 02 00 02 00 00 00
Timestamp:     7340.020000    ID: 00000024    X                DLC:  8    02 00 02 00 02 00 00 00
Timestamp:     7340.030000    ID: 00000024    X                DLC:  8    02 00 02 00 02 00 00 00
Timestamp:     7340.040000    ID: 00000024    X                DLC:  8    02 00 02 00 02 00 00 00
Timestamp:     7340.050000    ID: 00000024    X                DLC:  8    02 00 02 00 02 00 00 00
Timestamp:     7340.060000    ID: 00000024    X                DLC:  8    02 00 02 00 02 00 00 00
Timestamp:     7340.070000    ID: 00000024    X                DLC:  8    02 00 02 00 02 00 00 00
Timestamp:     7340.080000    ID: 00000024    X                DLC:  8    02 00 02 00 02 00 00 00
Timestamp:     7340.090000    ID: 00000024    X                DLC:  8    02 00 02 00 02 00 00 00
Timestamp:     7340.100000    ID: 00000024    X                DLC:  8    02 00 02 00 02 00 00 00
Timestamp:     7340.110000    ID: 00000024    X                DLC:  8    02 00 02 00 02 00 00 00
Timestamp:     7340.120000    ID: 00000024    X                DLC:  8    02 00 02 00 02 00 00 00
Timestamp:     7340.130000    ID: 00000024    X                DLC:  8    02 00 02 00 02 00 00 00
Timestamp:     7340.140000    ID: 00000024    X                DLC:  8    02 00 02 00 02 00 00 00
Timestamp:     7340.150000    ID: 00000024    X                DLC:  8    02 00 02 00 02 00 00 00
Timestamp:     7340.160000    ID: 00000024    X                DLC:  8    02 00 02 00 02 00 00 00
Timestamp:     7340.170000    ID: 00000024    X                DLC:  8    02 00 02 00 02 00 00 00
Timestamp:     7340.180000    ID: 00000024    X                DLC:  8    02 00 02 00 02 00 00 00
Timestamp:     7340.190000    ID: 00000024    X                DLC:  8    02 00 02 00 02 00 00 00
Timestamp:     7340.200000    ID: 00000024    X                DLC:  8    02 00 02 00 02 00 00 00
Timestamp:     7340.210000    ID: 00000024    X                DLC:  8    02 00 02 00 02 00 00 00
Timestamp:     7340.220000    ID: 00000024    X                DLC:  8    02 00 02 00 02 00 00 00
Timestamp:     7340.230000    ID: 00000024    X                DLC:  8    02 00 02 00 02 00 00 00
Timestamp:     7340.240000    ID: 00000024    X                DLC:  8    02 00 02 00 02 00 00 00
Timestamp:     7340.250000    ID: 00000024    X                DLC:  8    02 00 02 00 02 00 00 00
Timestamp:     7340.260000    ID: 00000024    X                DLC:  8    02 00 02 00 02 00 00 00
Timestamp:     7340.270000    ID: 00000024    X                DLC:  8    02 00 02 00 02 00 00 00
Timestamp:     7340.280000    ID: 00000024    X                DLC:  8    02 00 02 00 02 00 00 00
Timestamp:     7340.290000    ID: 00000024    X                DLC:  8    02 00 02 00 02 00 00 00
Timestamp:     7340.300000    ID: 00000024    X                DLC:  8    02 00 02 00 02 00 00 00
Timestamp:     7340.310000    ID: 00000024    X                DLC:  8    02 00 02 00 02 00 00 00
Timestamp:     7340.320000    ID: 00000024    X                DLC:  8    02 00 02 00 02 00 00 00
Timestamp:     7340.330000    ID: 00000024    X                DLC:  8    02 00 02 00 02 00 00 00
Timestamp:     7340.340000    ID: 00000024    X                DLC:  8    02 00 02 00 02 00 00 00
Timestamp:     7340.350000    ID: 00000024    X                DLC:  8    02 00 02 00 02 00 00 00
Timestamp:     7340.360000    ID: 00000024    X                DLC:  8    02 00 02 00 02 00 00 00
Timestamp:     7340.370000    ID: 00000024    X                DLC:  8    02 00 02 00 02 00 00 00
Timestamp:     7340.380000    ID: 00000024    X                DLC:  8    02 00 02 00 02 00 00 00
Timestamp:     7340.390000    ID: 00000024    X                DLC:  8    02 00 02 00 02 00 00 00
Timestamp:     7340.400000    ID: 00000024    X                DLC:  8    02 00 02 00 02 00 00 00
Timestamp:     7340.410000    ID: 00000024    X                DLC:  8    02 00 02 00 02 00 00 00
Timestamp:     7340.420000    ID: 00000024    X                DLC:  8    02 00 02 00 02 00 00 00
Timestamp:     7340.430000    ID: 00000024    X                DLC:  8    02 00 02 00 02 00 00 00
Timestamp:     7340.440000    ID: 00000024    X                DLC:  8    02 00 02 00 02 00 00 00
Timestamp:     7340.450000    ID: 00000024    X                DLC:  8    02 00 02 00 02 00 00 00
Timestamp:     7340.460000    ID: 00000024    X                DLC:  8    02 00 02 00 02 00 00 00
Timestamp:     7340.470000    ID: 00000024    X                DLC:  8    02 00 02 00 02 00 00 00
Timestamp:     7340.480000    ID: 00000024    X                DLC:  8    02 00 02 00 02 00 00 00
Timestamp:     7340.490000    ID: 00000024    X                DLC:  8    02 00 02 00 02 00 00 00
Timestamp:     7340.500000    ID: 00000024    X                DLC:  8    02 00 02 00 02 00 00 00
Timestamp:     7340.510000    ID: 00000024    X                DLC:  8    02 00 02 00 02 00 00 00
Timestamp:     7340.520000    ID: 00000024    X                DLC:  8    02 00 02 00 02 00 00 00
Timestamp:     7340.530000    ID: 00000024    X                DLC:  8    02 00 02 00 02 00 00 00
Timestamp:     7340.540000    ID: 00000024    X                DLC:  8    02 00 02 00 02 00 00 00
Timestamp:     7340.550000    ID: 00000024    X                DLC:  8    02 00 02 00 02 00 00 00
Timestamp:     7340.560000    ID: 00000024    X                DLC:  8    02 00 02 00 02 00 00 00
Timestamp:     7340.570000    ID: 00000024    X                DLC:  8    02 00 02 00 02 00 00 00
Timestamp:     7340.580000    ID: 00000024    X                DLC:  8    02 00 02 00 02 00 00 00
Timestamp:     7340.590000    ID: 00000024    X                DLC:  8    02 00 02 00 02 00 00 00
Timestamp:     7340.600000    ID: 00000024    X                DLC:  8    02 00 02 00 02 00 00 00
Timestamp:     7340.610000    ID: 00000024    X                DLC:  8    02 00 02 00 02 00 00 00
Timestamp:     7340.620000    ID: 00000024    X                DLC:  8    02 00 02 00 02 00 00 00
Timestamp:     7340.630000    ID: 00000024    X                DLC:  8    02 00 02 00 02 00 00 00
Timestamp:     7340.640000    ID: 00000024    X                DLC:  8    02 00 02 00 02 00 00 00
Timestamp:     7340.650000    ID: 00000024    X                DLC:  8    02 00 02 00 02 00 00 00
Timestamp:     7340.660000    ID: 00000024    X                DLC:  8    02 00 02 00 02 00 00 00
Timestamp:     7340.670000    ID: 00000024    X                DLC:  8    02 00 02 00 02 00 00 00
Timestamp:     7340.680000    ID: 00000024    X                DLC:  8    02 00 02 00 02 00 00 00
Timestamp:     7340.690000    ID: 00000024    X                DLC:  8    02 00 02 00 02 00 00 00
Timestamp:     7340.700000    ID: 00000024    X                DLC:  8    02 00 02 00 02 00 00 00
Timestamp:     7340.710000    ID: 00000024    X                DLC:  8    02 00 02 00 02 00 00 00
Timestamp:     7340.720000    ID: 00000024    X                DLC:  8    02 00 02 00 02 00 00 00
Timestamp:     7340.730000    ID: 00000024    X                DLC:  8    02 00 02 00 02 00 00 00
Timestamp:     7340.740000    ID: 00000024    X                DLC:  8    02 00 02 00 02 00 00 00
Timestamp:     7340.750000    ID: 00000024    X                DLC:  8    02 00 02 00 02 00 00 00
Timestamp:     7340.760000    ID: 00000024    X                DLC:  8    02 00 02 00 02 00 00 00
Timestamp:     7340.770000    ID: 00000024    X                DLC:  8    02 00 02 00 02 00 00 00
Timestamp:     7340.780000    ID: 00000024    X                DLC:  8    02 00 02 00 02 00 00 00
Timestamp:     7340.790000    ID: 00000024    X                DLC:  8    02 00 02 00 02 00 00 00
Timestamp:     7340.800000    ID: 00000024    X                DLC:  8    02 00 02 00 02 00 00 00
Timestamp:     7340.810000    ID: 00000024    X                DLC:  8    02 00 02 00 02 00 00 00
Timestamp:     7340.820000    ID: 00000024    X                DLC:  8    02 00 02 00 02 00 00 00
Timestamp:     7340.830000    ID: 00000024    X                DLC:  8    02 00 02 00 02 00 00 00
Timestamp:     7340.840000    ID: 00000024    X                DLC:  8    02 00 02 00 02 00 00 00
Timestamp:     7340.850000    ID: 00000024    X                DLC:  8    02 00 02 00 02 00 00 00
Timestamp:     7340.860000    ID: 00000024    X                DLC:  8    02 00 02 00 02 00 00 00
Timestamp:     7340.870000    ID: 00000024    X                DLC:  8    02 00 02 00 02 00 00 00
Timestamp:     7340.880000    ID: 00000024    X                DLC:  8    02 00 02 00 02 00 00 00
Timestamp:     7340.890000    ID: 00000024    X                DLC:  8    02 00 02 00 02 00 00 00
Timestamp:     7340.900000    ID: 00000024    X                DLC:  8    02 00 02 00 02 00 00 00
Timestamp:     7340.910000    ID: 00000024    X                DLC:  8    02 00 02 00 02 00 00 00
Timestamp:     7340.920000    ID: 00000024    X                DLC:  8    02 00 02 00 02 00 00 00
Timestamp:     7340.930000    ID: 00000024    X                DLC:  8    02 00 02 00 02 00 00 00
Timestamp:     7340.940000    ID: 00000024    X                DLC:  8    02 00 02 00 02 00 00 00
Timestamp:     7340.950000    ID: 00000024    X                DLC:  8    02 00 02 00 02 00 00 00
Timestamp:     7340.960000    ID: 00000024    X                DLC:  8    02 00 02 00 02 00 00 00
Timestamp:     7340.970000    ID: 00000024    X                DLC:  8    02 00 02 00 02 00 00 00
Timestamp:     7340.980000    ID: 00000024    X                DLC:  8    02 00 02 00 02 00 00 00
Timestamp:     7340.990000    ID: 00000024    X                DLC:  8    02 00 02 00 02 00 00 00
Timestamp:     7341.000000    ID: 00000024    X                DLC:  8    02 00 02 00 02 00 00 00
Timestamp:     7341.010000    ID: 00000024    X                DLC:  8    02 00 02 00 02 00 00 00
Timestamp:     7341.020000    ID: 00000024    X                DLC:  8    02 00 02 00 02 00 00 00
Timestamp:     7341.030000    ID: 00000024    X                DLC:  8    02 00 02 00 02 00 00 00
Timestamp:     7341.040000    ID: 00000024    X                DLC:  8    02 00 02 00 02 00 00 00
Timestamp:     7341.050000    ID: 00000024    X                DLC:  8    02 00 02 00 02 00 00 00
Timestamp:     7341.060000    ID: 00000024    X                DLC:  8    02 00 02 00 02 00 00 00
Timestamp:     7341.070000    ID: 00000024    X                DLC:  8    02 00 02 00 02 00 00 00
Timestamp:     7341.080000    ID: 00000024    X                DLC:  8    02 00 02 00 02 00 00 00
Timestamp:     7341.090000    ID: 00000024    X                DLC:  8    02 00 02 00 02 00 00 00
Timestamp:     7341.100000    ID: 00000024    X                DLC:  8    02 00 02 00 02 00 00 00
Timestamp:     7341.110000    ID: 00000024    X                DLC:  8    02 00 02 00 02 00 00 00
Timestamp:     7341.120000    ID: 00000024    X                DLC:  8    02 00 02 00 02 00 00 00
Timestamp:     7341.130000    ID: 00000024    X                DLC:  8    02 00 02 00 02 00 00 00
Timestamp:     7341.140000    ID: 00000024    X                DLC:  8    02 00 02 00 02 00 00 00
Timestamp:     7341.150000    ID: 00000024    X                DLC:  8    02 00 02 00 02 00 00 00
Timestamp:     7341.170000    ID: 00000024    X                DLC:  8    02 00 02 00 02 00 00 00
Timestamp:     7341.180000    ID: 00000024    X                DLC:  8    02 00 02 00 02 00 00 00
Timestamp:     7341.190000    ID: 00000024    X                DLC:  8    02 00 02 00 02 00 00 00
Timestamp:     7341.200000    ID: 00000024    X                DLC:  8    02 00 02 00 02 00 00 00
Timestamp:     7341.210000    ID: 00000024    X                DLC:  8    02 00 02 00 02 00 00 00
Timestamp:     7341.220000    ID: 00000024    X                DLC:  8    02 00 02 00 02 00 00 00
Timestamp:     7341.230000    ID: 00000024    X                DLC:  8    02 00 02 00 02 00 00 00
Timestamp:     7341.240000    ID: 00000024    X                DLC:  8    02 00 02 00 02 00 00 00
Timestamp:     7341.250000    ID: 00000024    X                DLC:  8    02 00 02 00 02 00 00 00
Timestamp:     7341.260000    ID: 00000024    X                DLC:  8    02 00 02 00 02 00 00 00
Timestamp:     7341.270000    ID: 00000024    X                DLC:  8    02 00 02 00 02 00 00 00
Timestamp:     7341.280000    ID: 00000024    X                DLC:  8    02 00 02 00 02 00 00 00
Timestamp:     7341.290000    ID: 00000024    X                DLC:  8    02 00 02 00 02 00 00 00
Timestamp:     7341.300000    ID: 00000024    X                DLC:  8    02 00 02 00 02 00 00 00
Timestamp:     7341.310000    ID: 00000024    X                DLC:  8    02 00 02 00 02 00 00 00
Timestamp:     7341.320000    ID: 00000024    X                DLC:  8    02 00 02 00 02 00 00 00
Timestamp:     7341.330000    ID: 00000024    X                DLC:  8    02 00 02 00 02 00 00 00
Timestamp:     7341.340000    ID: 00000024    X                DLC:  8    02 00 02 00 02 00 00 00
Timestamp:     7341.350000    ID: 00000024    X                DLC:  8    02 00 02 00 02 00 00 00
Timestamp:     7341.360000    ID: 00000024    X                DLC:  8    02 00 02 00 02 00 00 00
Timestamp:     7341.370000    ID: 00000024    X                DLC:  8    02 00 02 00 02 00 00 00
Timestamp:     7341.380000    ID: 00000024    X                DLC:  8    02 00 02 00 02 00 00 00
Timestamp:     7341.390000    ID: 00000024    X                DLC:  8    02 00 02 00 02 00 00 00
Timestamp:     7341.400000    ID: 00000024    X                DLC:  8    02 00 02 00 02 00 00 00
Timestamp:     7341.410000    ID: 00000024    X                DLC:  8    02 00 02 00 02 00 00 00
Timestamp:     7341.420000    ID: 00000024    X                DLC:  8    02 00 02 00 02 00 00 00
Timestamp:     7341.430000    ID: 00000024    X                DLC:  8    02 00 02 00 02 00 00 00
Timestamp:     7341.440000    ID: 00000024    X                DLC:  8    02 00 02 00 02 00 00 00
Timestamp:     7341.450000    ID: 00000024    X                DLC:  8    02 00 02 00 02 00 00 00
Timestamp:     7341.460000    ID: 00000024    X                DLC:  8    02 00 02 00 02 00 00 00
Timestamp:     7341.470000    ID: 00000024    X                DLC:  8    02 00 02 00 02 00 00 00
Timestamp:     7341.480000    ID: 00000024    X                DLC:  8    02 00 02 00 02 00 00 00
Timestamp:     7341.490000    ID: 00000024    X                DLC:  8    02 00 02 00 02 00 00 00
Timestamp:     7341.500000    ID: 00000024    X                DLC:  8    02 00 02 00 02 00 00 00
Timestamp:     7341.510000    ID: 00000024    X                DLC:  8    02 00 02 00 02 00 00 00
Timestamp:     7341.520000    ID: 00000024    X                DLC:  8    02 00 02 00 02 00 00 00
Timestamp:     7341.530000    ID: 00000024    X                DLC:  8    02 00 02 00 02 00 00 00
Timestamp:     7341.540000    ID: 00000024    X                DLC:  8    02 00 02 00 02 00 00 00
Timestamp:     7341.550000    ID: 00000024    X                DLC:  8    02 00 02 00 02 00 00 00
Timestamp:     7341.560000    ID: 00000024    X                DLC:  8    02 00 02 00 02 00 00 00
Timestamp:     7341.570000    ID: 00000024    X                DLC:  8    02 00 02 00 02 00 00 00
Timestamp:     7341.580000    ID: 00000024    X                DLC:  8    02 00 02 00 02 00 00 00
Timestamp:     7341.590000    ID: 00000024    X                DLC:  8    02 00 02 00 02 00 00 00
Timestamp:     7341.600000    ID: 00000024    X                DLC:  8    02 00 02 00 02 00 00 00
Timestamp:     7341.610000    ID: 00000024    X                DLC:  8    02 00 02 00 02 00 00 00
Timestamp:     7341.620000    ID: 00000024    X                DLC:  8    02 00 02 00 02 00 00 00
Timestamp:     7341.630000    ID: 00000024    X                DLC:  8    02 00 02 00 02 00 00 00
Timestamp:     7341.640000    ID: 00000024    X                DLC:  8    02 00 02 00 02 00 00 00
Timestamp:     7341.650000    ID: 00000024    X                DLC:  8    02 00 02 00 02 00 00 00
Timestamp:     7341.660000    ID: 00000024    X                DLC:  8    02 00 02 00 02 00 00 00
Timestamp:     7341.670000    ID: 00000024    X                DLC:  8    02 00 02 00 02 00 00 00
